  0.711834E-04  0.203507E+08  0.203507E+08  0.263888E+08  0.263877E+08  0.000000E+00  0.203507E+08
  0.840932E-04  0.203501E+08  0.203501E+08  0.260983E+08  0.260968E+08  0.000000E+00  0.203501E+08
  0.993444E-04  0.203492E+08  0.203492E+08  0.256977E+08  0.256957E+08  0.000000E+00  0.203492E+08
  0.117362E-03  0.203481E+08  0.203481E+08  0.251480E+08  0.251452E+08  0.000000E+00  0.203481E+08
  0.138646E-03  0.203464E+08  0.203464E+08  0.243987E+08  0.243950E+08  0.000000E+00  0.203464E+08
  0.163791E-03  0.203442E+08  0.203442E+08  0.233870E+08  0.233820E+08  0.000000E+00  0.203442E+08
  0.193497E-03  0.203410E+08  0.203410E+08  0.220388E+08  0.220324E+08  0.000000E+00  0.203410E+08
  0.228589E-03  0.203367E+08  0.203367E+08  0.202760E+08  0.202680E+08  0.000000E+00  0.203367E+08
  0.270046E-03  0.203307E+08  0.203307E+08  0.180314E+08  0.180219E+08  0.000000E+00  0.203307E+08
  0.319022E-03  0.203224E+08  0.203224E+08  0.152805E+08  0.152702E+08  0.000000E+00  0.203224E+08
  0.376880E-03  0.203112E+08  0.203112E+08  0.120902E+08  0.120802E+08  0.000000E+00  0.203112E+08
  0.445231E-03  0.202959E+08  0.202959E+08  0.867868E+07  0.867102E+07  0.000000E+00  0.202959E+08
  0.525978E-03  0.202754E+08  0.202753E+08  0.545133E+07  0.544820E+07  0.000000E+00  0.202754E+08
  0.621370E-03  0.202480E+08  0.202480E+08  0.293337E+07  0.293552E+07  0.000000E+00  0.202480E+08
  0.734062E-03  0.202121E+08  0.202120E+08  0.151101E+07  0.151570E+07  0.000000E+00  0.202121E+08
  0.867191E-03  0.201654E+08  0.201653E+08  0.104816E+07  0.104983E+07  0.000000E+00  0.201654E+08
  0.102447E-02  0.201055E+08  0.201054E+08  0.841070E+06  0.838129E+06  0.000000E+00  0.201055E+08
  0.121026E-02  0.200294E+08  0.200292E+08  0.412534E+06  0.411838E+06  0.000000E+00  0.200293E+08
  0.142976E-02  0.199333E+08  0.199330E+08  0.154811E+06  0.157036E+06  0.000000E+00  0.199333E+08
  0.168906E-02  0.198132E+08  0.198128E+08  0.141028E+06  0.139110E+06  0.000000E+00  0.198131E+08
  0.199539E-02  0.196642E+08  0.196636E+08  0.167038E+05  0.182132E+05  0.000000E+00  0.196641E+08
  0.235727E-02  0.194809E+08  0.194801E+08  0.243567E+05  0.221051E+05  0.000000E+00  0.194808E+08
  0.278479E-02  0.192574E+08  0.192564E+08 -0.104954E+04 -0.489651E+04  0.000000E+00  0.192573E+08
  0.328984E-02  0.189875E+08  0.189861E+08 -0.165092E+05 -0.168708E+05  0.000000E+00  0.189873E+08
  0.388648E-02  0.186644E+08  0.186625E+08 -0.163868E+05 -0.166562E+05  0.000000E+00  0.186641E+08
  0.459134E-02  0.182814E+08  0.182787E+08 -0.132399E+05 -0.131970E+05  0.000000E+00  0.182809E+08
  0.478668E-02  0.181754E+08  0.181725E+08 -0.811360E+04 -0.981295E+04  0.000000E+00  0.181749E+08
  0.499034E-02  0.180652E+08  0.180620E+08 -0.108914E+05 -0.121092E+05  0.000000E+00  0.180646E+08
  0.520266E-02  0.179505E+08  0.179472E+08 -0.109759E+05 -0.116634E+05  0.000000E+00  0.179500E+08
  0.542402E-02  0.178314E+08  0.178278E+08 -0.610204E+04 -0.892113E+04  0.000000E+00  0.178308E+08
  0.565480E-02  0.177077E+08  0.177037E+08 -0.850355E+04 -0.101121E+05  0.000000E+00  0.177070E+08
  0.589539E-02  0.175793E+08  0.175750E+08 -0.825203E+04 -0.308094E+02  0.000000E+00  0.175785E+08
  0.614622E-02  0.174460E+08  0.174414E+08 -0.718401E+04  0.369340E+04  0.000000E+00  0.174452E+08
  0.640773E-02  0.173078E+08  0.173028E+08 -0.900727E+04  0.369686E+04  0.000000E+00  0.173070E+08
  0.668035E-02  0.171646E+08  0.171592E+08 -0.541835E+04  0.781691E+04  0.000000E+00  0.171637E+08
  0.696458E-02  0.170163E+08  0.170105E+08 -0.697354E+04  0.586293E+04  0.000000E+00  0.170153E+08
  0.726090E-02  0.168628E+08  0.168565E+08 -0.553955E+04  0.819863E+04  0.000000E+00  0.168617E+08
  0.756983E-02  0.167039E+08  0.166971E+08 -0.546605E+04  0.638515E+04  0.000000E+00  0.167027E+08
  0.789191E-02  0.165396E+08  0.165322E+08 -0.393782E+04  0.757816E+04  0.000000E+00  0.165383E+08
  0.822768E-02  0.163697E+08  0.163618E+08 -0.457185E+04  0.601272E+04  0.000000E+00  0.163684E+08
  0.857774E-02  0.161942E+08  0.161857E+08 -0.350783E+04  0.655450E+04  0.000000E+00  0.161928E+08
  0.894270E-02  0.160130E+08  0.160039E+08 -0.480972E+04  0.554053E+04  0.000000E+00  0.160115E+08
  0.932319E-02  0.158260E+08  0.158161E+08 -0.312452E+04  0.520023E+04  0.000000E+00  0.158243E+08
  0.971986E-02  0.156330E+08  0.156224E+08 -0.312718E+04  0.513991E+04  0.000000E+00  0.156312E+08
  0.101334E-01  0.154340E+08  0.154226E+08 -0.323325E+04  0.422107E+04  0.000000E+00  0.154321E+08
  0.105646E-01  0.152289E+08  0.152166E+08 -0.200733E+04  0.402218E+04  0.000000E+00  0.152269E+08
  0.110140E-01  0.150176E+08  0.150044E+08 -0.227601E+04  0.392236E+04  0.000000E+00  0.150154E+08
  0.114827E-01  0.148000E+08  0.147859E+08 -0.256426E+04  0.338102E+04  0.000000E+00  0.147977E+08
  0.119712E-01  0.145761E+08  0.145609E+08 -0.212605E+04  0.290429E+04  0.000000E+00  0.145735E+08
  0.124805E-01  0.143457E+08  0.143294E+08 -0.194193E+04  0.268903E+04  0.000000E+00  0.143430E+08
  0.130116E-01  0.141088E+08  0.140914E+08 -0.115908E+04  0.255252E+04  0.000000E+00  0.141059E+08
  0.135652E-01  0.138654E+08  0.138468E+08 -0.128213E+04  0.237501E+04  0.000000E+00  0.138623E+08
  0.141423E-01  0.136155E+08  0.135956E+08 -0.139595E+04  0.216349E+04  0.000000E+00  0.136121E+08
  0.147440E-01  0.133589E+08  0.133377E+08 -0.110816E+04  0.195335E+04  0.000000E+00  0.133554E+08
  0.153713E-01  0.130958E+08  0.130732E+08 -0.111136E+04  0.176097E+04  0.000000E+00  0.130920E+08
  0.160253E-01  0.128262E+08  0.128021E+08 -0.743734E+03  0.158230E+04  0.000000E+00  0.128221E+08
  0.167072E-01  0.125501E+08  0.125245E+08 -0.850215E+03  0.140187E+04  0.000000E+00  0.125458E+08
  0.174180E-01  0.122676E+08  0.122405E+08 -0.589749E+03  0.121260E+04  0.000000E+00  0.122631E+08
  0.181591E-01  0.119790E+08  0.119502E+08 -0.634423E+03  0.105181E+04  0.000000E+00  0.119742E+08
  0.189317E-01  0.116844E+08  0.116540E+08 -0.812101E+03  0.980122E+03  0.000000E+00  0.116794E+08
  0.197372E-01  0.113842E+08  0.113521E+08 -0.550097E+03  0.925012E+03  0.000000E+00  0.113788E+08
  0.205769E-01  0.110786E+08  0.110448E+08 -0.424220E+03  0.770124E+03  0.000000E+00  0.110729E+08
  0.214524E-01  0.107681E+08  0.107326E+08 -0.535403E+03  0.713198E+03  0.000000E+00  0.107622E+08
  0.223652E-01  0.104532E+08  0.104161E+08 -0.312692E+03  0.635265E+03  0.000000E+00  0.104470E+08
  0.233167E-01  0.101346E+08  0.100959E+08 -0.310023E+03  0.567376E+03  0.000000E+00  0.101282E+08
  0.243088E-01  0.981303E+07  0.977268E+07 -0.404548E+03  0.489040E+03  0.000000E+00  0.980629E+07
  0.253430E-01  0.948926E+07  0.944743E+07 -0.265788E+03  0.466344E+03  0.000000E+00  0.948227E+07
  0.264213E-01  0.916430E+07  0.912110E+07 -0.290360E+03  0.398167E+03  0.000000E+00  0.915708E+07
  0.275455E-01  0.883926E+07  0.879483E+07 -0.185942E+03  0.338708E+03  0.000000E+00  0.883183E+07
  0.287174E-01  0.851534E+07  0.846986E+07 -0.151095E+03  0.299813E+03  0.000000E+00  0.850774E+07
  0.299393E-01  0.819389E+07  0.814756E+07 -0.154251E+03  0.266514E+03  0.000000E+00  0.818615E+07
  0.312131E-01  0.787634E+07  0.782942E+07 -0.140064E+03  0.234368E+03  0.000000E+00  0.786850E+07
  0.325411E-01  0.756421E+07  0.751697E+07 -0.127379E+03  0.208176E+03  0.000000E+00  0.755632E+07
  0.339256E-01  0.725907E+07  0.721182E+07 -0.129747E+03  0.193991E+03  0.000000E+00  0.725118E+07
  0.353691E-01  0.696252E+07  0.691561E+07 -0.106359E+03  0.172930E+03  0.000000E+00  0.695468E+07
  0.368739E-01  0.667610E+07  0.662990E+07 -0.939603E+02  0.142276E+03  0.000000E+00  0.666838E+07
  0.384428E-01  0.640128E+07  0.635616E+07 -0.103612E+03  0.135854E+03  0.000000E+00  0.639374E+07
  0.400784E-01  0.613935E+07  0.609572E+07 -0.889086E+02  0.114047E+03  0.000000E+00  0.613206E+07
  0.417836E-01  0.589136E+07  0.584960E+07 -0.600656E+02  0.976650E+02  0.000000E+00  0.588438E+07
  0.435614E-01  0.565805E+07  0.561853E+07 -0.860879E+02  0.886763E+02  0.000000E+00  0.565144E+07
  0.454148E-01  0.543972E+07  0.540277E+07 -0.620160E+02  0.788728E+02  0.000000E+00  0.543355E+07
  0.473470E-01  0.523620E+07  0.520209E+07 -0.674373E+02  0.681355E+02  0.000000E+00  0.523050E+07
  0.493615E-01  0.504676E+07  0.501570E+07 -0.360417E+02  0.606550E+02  0.000000E+00  0.504157E+07
  0.514617E-01  0.487007E+07  0.484216E+07 -0.414749E+02  0.579543E+02  0.000000E+00  0.486540E+07
  0.536512E-01  0.470423E+07  0.467947E+07 -0.441150E+02  0.472638E+02  0.000000E+00  0.470009E+07
  0.559339E-01  0.454677E+07  0.452504E+07 -0.308464E+02  0.445764E+02  0.000000E+00  0.454314E+07
  0.583067E-01  0.439522E+07  0.437627E+07 -0.330979E+02  0.407535E+02  0.000000E+00  0.439206E+07
  0.606795E-01  0.425195E+07  0.423530E+07 -0.298690E+02  0.355742E+02  0.000000E+00  0.424917E+07
  0.630523E-01  0.411359E+07  0.409875E+07 -0.294027E+02  0.304338E+02  0.000000E+00  0.411111E+07
  0.654250E-01  0.397764E+07  0.396409E+07 -0.253049E+02  0.269813E+02  0.000000E+00  0.397538E+07
  0.677978E-01  0.384244E+07  0.382968E+07 -0.165043E+02  0.251837E+02  0.000000E+00  0.384031E+07
  0.701706E-01  0.370711E+07  0.369470E+07 -0.159787E+02  0.236123E+02  0.000000E+00  0.370504E+07
  0.725434E-01  0.357150E+07  0.355904E+07 -0.129513E+02  0.212022E+02  0.000000E+00  0.356942E+07
  0.749162E-01  0.343604E+07  0.342322E+07 -0.126671E+02  0.182961E+02  0.000000E+00  0.343390E+07
  0.772889E-01  0.330161E+07  0.328822E+07 -0.124469E+02  0.159759E+02  0.000000E+00  0.329937E+07
  0.796617E-01  0.316942E+07  0.315533E+07 -0.795171E+01  0.147200E+02  0.000000E+00  0.316707E+07
  0.820345E-01  0.304086E+07  0.302603E+07 -0.907719E+01  0.139620E+02  0.000000E+00  0.303838E+07
  0.844073E-01  0.291732E+07  0.290180E+07 -0.497334E+01  0.128687E+02  0.000000E+00  0.291473E+07
  0.867801E-01  0.280013E+07  0.278403E+07 -0.222144E+01  0.112857E+02  0.000000E+00  0.279744E+07
  0.891528E-01  0.269040E+07  0.267390E+07 -0.196015E+01  0.978617E+01  0.000000E+00  0.268764E+07
  0.915256E-01  0.258898E+07  0.257229E+07 -0.177059E+01  0.890984E+01  0.000000E+00  0.258619E+07
  0.938984E-01  0.249641E+07  0.247975E+07 -0.625029E+01  0.855381E+01  0.000000E+00  0.249363E+07
  0.962712E-01  0.241286E+07  0.239647E+07 -0.584679E+01  0.816759E+01  0.000000E+00  0.241012E+07
  0.986440E-01  0.233815E+07  0.232225E+07 -0.395763E+01  0.741820E+01  0.000000E+00  0.233549E+07
  0.101017E+00  0.227180E+07  0.225659E+07 -0.249383E+01  0.651968E+01  0.000000E+00  0.226926E+07
  0.103390E+00  0.221303E+07  0.219867E+07 -0.137568E+01  0.590729E+01  0.000000E+00  0.221063E+07
  0.105762E+00  0.216086E+07  0.214746E+07 -0.448136E+01  0.570778E+01  0.000000E+00  0.215862E+07
  0.108135E+00  0.211414E+07  0.210177E+07 -0.541889E+01  0.562535E+01  0.000000E+00  0.211207E+07
  0.110508E+00  0.207166E+07  0.206032E+07 -0.438962E+01  0.531884E+01  0.000000E+00  0.206976E+07
  0.112881E+00  0.203218E+07  0.202186E+07 -0.366591E+01  0.478456E+01  0.000000E+00  0.203046E+07
  0.115253E+00  0.199455E+07  0.198517E+07 -0.211813E+01  0.431200E+01  0.000000E+00  0.199299E+07
  0.117626E+00  0.195773E+07  0.194917E+07 -0.357069E+01  0.411416E+01  0.000000E+00  0.195630E+07
  0.119999E+00  0.192085E+07  0.191298E+07 -0.409089E+01  0.408969E+01  0.000000E+00  0.191953E+07
  0.122372E+00  0.188322E+07  0.187589E+07 -0.369474E+01  0.397024E+01  0.000000E+00  0.188199E+07
  0.124745E+00  0.184439E+07  0.183745E+07 -0.413163E+01  0.364136E+01  0.000000E+00  0.184323E+07
  0.127117E+00  0.180413E+07  0.179742E+07 -0.313817E+01  0.325341E+01  0.000000E+00  0.180301E+07
  0.129490E+00  0.176243E+07  0.175579E+07 -0.340734E+01  0.301980E+01  0.000000E+00  0.176132E+07
  0.131863E+00  0.171944E+07  0.171276E+07 -0.254749E+01  0.296600E+01  0.000000E+00  0.171832E+07
  0.134236E+00  0.167550E+07  0.166868E+07 -0.135882E+01  0.292003E+01  0.000000E+00  0.167436E+07
  0.136608E+00  0.163106E+07  0.162402E+07 -0.202715E+01  0.272955E+01  0.000000E+00  0.162988E+07
  0.138981E+00  0.158665E+07  0.157936E+07 -0.220226E+01  0.243399E+01  0.000000E+00  0.158544E+07
  0.141354E+00  0.154285E+07  0.153528E+07 -0.293848E+01  0.220029E+01  0.000000E+00  0.154159E+07
  0.143727E+00  0.150021E+07  0.149239E+07 -0.226176E+01  0.211954E+01  0.000000E+00  0.149890E+07
  0.146100E+00  0.145926E+07  0.145122E+07 -0.682055E+00  0.211033E+01  0.000000E+00  0.145791E+07
  0.148472E+00  0.142044E+07  0.141224E+07 -0.705398E+00  0.202852E+01  0.000000E+00  0.141907E+07
  0.150845E+00  0.138410E+07  0.137581E+07 -0.703406E+00  0.183828E+01  0.000000E+00  0.138271E+07
  0.153218E+00  0.135048E+07  0.134218E+07 -0.149556E+01  0.164300E+01  0.000000E+00  0.134909E+07
  0.155591E+00  0.131968E+07  0.131146E+07 -0.150110E+01  0.155349E+01  0.000000E+00  0.131831E+07
  0.157963E+00  0.129170E+07  0.128364E+07 -0.523519E+00  0.155919E+01  0.000000E+00  0.129035E+07
  0.160336E+00  0.126640E+07  0.125858E+07 -0.503144E+00  0.155009E+01  0.000000E+00  0.126510E+07
  0.162709E+00  0.124357E+07  0.123604E+07 -0.266909E+00  0.145115E+01  0.000000E+00  0.124231E+07
  0.165082E+00  0.122289E+07  0.121570E+07 -0.702388E+00  0.130504E+01  0.000000E+00  0.122169E+07
  0.167455E+00  0.120400E+07  0.119718E+07 -0.101449E+01  0.121222E+01  0.000000E+00  0.120286E+07
  0.169827E+00  0.118649E+07  0.118006E+07 -0.700850E+00  0.120909E+01  0.000000E+00  0.118542E+07
  0.172200E+00  0.116996E+07  0.116391E+07 -0.958828E+00  0.123003E+01  0.000000E+00  0.116895E+07
  0.174573E+00  0.115401E+07  0.114833E+07 -0.667404E+00  0.119070E+01  0.000000E+00  0.115306E+07
  0.176946E+00  0.113828E+07  0.113292E+07 -0.512071E+00  0.108659E+01  0.000000E+00  0.113738E+07
  0.179318E+00  0.112246E+07  0.111739E+07 -0.514000E+00  0.991463E+00  0.000000E+00  0.112161E+07
  0.181691E+00  0.110630E+07  0.110147E+07 -0.268451E+00  0.965089E+00  0.000000E+00  0.110549E+07
  0.184064E+00  0.108963E+07  0.108498E+07 -0.791450E+00  0.984550E+00  0.000000E+00  0.108885E+07
  0.186437E+00  0.107236E+07  0.106784E+07 -0.895820E+00  0.976885E+00  0.000000E+00  0.107160E+07
  0.188810E+00  0.105446E+07  0.105001E+07 -0.810042E+00  0.907482E+00  0.000000E+00  0.105372E+07
  0.191182E+00  0.103598E+07  0.103156E+07 -0.668509E+00  0.817331E+00  0.000000E+00  0.103524E+07
  0.193555E+00  0.101702E+07  0.101259E+07 -0.187318E+00  0.769756E+00  0.000000E+00  0.101628E+07
  0.195928E+00  0.997744E+06  0.993263E+06 -0.454548E+00  0.775227E+00  0.000000E+00  0.996996E+06
  0.198301E+00  0.978330E+06  0.973780E+06 -0.640375E+00  0.783163E+00  0.000000E+00  0.977570E+06
  0.200673E+00  0.958985E+06  0.954356E+06 -0.747310E+00  0.745244E+00  0.000000E+00  0.958212E+06
  0.203046E+00  0.939921E+06  0.935212E+06 -0.781084E+00  0.671518E+00  0.000000E+00  0.939134E+06
  0.205419E+00  0.921339E+06  0.916558E+06 -0.337090E+00  0.614688E+00  0.000000E+00  0.920540E+06
  0.209487E+00  0.891113E+06  0.886249E+06 -0.724188E+00  0.640513E+00  0.000000E+00  0.890300E+06
  0.213635E+00  0.862992E+06  0.858120E+06 -0.646101E-01  0.560746E+00  0.000000E+00  0.862178E+06
  0.217865E+00  0.837489E+06  0.832701E+06 -0.335244E+00  0.494962E+00  0.000000E+00  0.836689E+06
  0.222179E+00  0.814733E+06  0.810118E+06 -0.560439E+00  0.462534E+00  0.000000E+00  0.813962E+06
  0.226578E+00  0.794443E+06  0.790074E+06 -0.457843E+00  0.433995E+00  0.000000E+00  0.793713E+06
  0.231065E+00  0.775990E+06  0.771907E+06 -0.288153E+00  0.434928E+00  0.000000E+00  0.775308E+06
  0.235640E+00  0.758524E+06  0.754730E+06 -0.278539E+00  0.427591E+00  0.000000E+00  0.757890E+06
  0.240306E+00  0.741153E+06  0.737611E+06 -0.327624E+00  0.365024E+00  0.000000E+00  0.740561E+06
  0.245065E+00  0.723131E+06  0.719779E+06 -0.269921E+00  0.357859E+00  0.000000E+00  0.722571E+06
  0.249917E+00  0.704020E+06  0.700782E+06 -0.834162E-01  0.356819E+00  0.000000E+00  0.703478E+06
  0.254866E+00  0.683775E+06  0.680581E+06 -0.298971E+00  0.334958E+00  0.000000E+00  0.683242E+06
  0.259913E+00  0.662745E+06  0.659544E+06 -0.225040E+00  0.306102E+00  0.000000E+00  0.662210E+06
  0.265059E+00  0.641563E+06  0.638335E+06 -0.262051E+00  0.257794E+00  0.000000E+00  0.641024E+06
  0.270308E+00  0.620975E+06  0.617733E+06 -0.189436E+00  0.263809E+00  0.000000E+00  0.620433E+06
  0.275660E+00  0.601634E+06  0.598417E+06 -0.120747E+00  0.221382E+00  0.000000E+00  0.601097E+06
  0.281119E+00  0.583925E+06  0.580785E+06 -0.125629E+00  0.223080E+00  0.000000E+00  0.583400E+06
  0.286685E+00  0.567863E+06  0.564848E+06 -0.169869E+00  0.212959E+00  0.000000E+00  0.567360E+06
  0.292362E+00  0.553114E+06  0.550252E+06 -0.147733E+00  0.189130E+00  0.000000E+00  0.552635E+06
  0.298151E+00  0.539104E+06  0.536400E+06 -0.157392E+00  0.171866E+00  0.000000E+00  0.538652E+06
  0.304055E+00  0.525219E+06  0.522653E+06 -0.941161E-01  0.179610E+00  0.000000E+00  0.524791E+06
  0.310076E+00  0.511001E+06  0.508533E+06 -0.152440E+00  0.161584E+00  0.000000E+00  0.510589E+06
  0.316216E+00  0.496286E+06  0.493876E+06 -0.114471E+00  0.142703E+00  0.000000E+00  0.495883E+06
  0.322477E+00  0.481235E+06  0.478855E+06 -0.125842E+00  0.136900E+00  0.000000E+00  0.480837E+06
  0.328863E+00  0.466250E+06  0.463890E+06 -0.808386E-01  0.138637E+00  0.000000E+00  0.465856E+06
  0.335375E+00  0.451800E+06  0.449469E+06 -0.862239E-01  0.111607E+00  0.000000E+00  0.451410E+06
  0.342015E+00  0.438229E+06  0.435951E+06 -0.986379E-01  0.117784E+00  0.000000E+00  0.437848E+06
  0.348788E+00  0.425630E+06  0.423430E+06 -0.927372E-01  0.112721E+00  0.000000E+00  0.425262E+06
  0.355694E+00  0.413829E+06  0.411721E+06 -0.271706E-01  0.103208E+00  0.000000E+00  0.413477E+06
  0.362738E+00  0.402480E+06  0.400464E+06 -0.701651E-01  0.847989E-01  0.000000E+00  0.402143E+06
  0.369920E+00  0.391235E+06  0.389297E+06 -0.491747E-01  0.924169E-01  0.000000E+00  0.390911E+06
  0.377245E+00  0.379896E+06  0.378015E+06 -0.403087E-01  0.811108E-01  0.000000E+00  0.379582E+06
  0.384715E+00  0.368490E+06  0.366649E+06 -0.405094E-01  0.760371E-01  0.000000E+00  0.368182E+06
  0.392333E+00  0.357219E+06  0.355414E+06 -0.579613E-01  0.750702E-01  0.000000E+00  0.356917E+06
  0.400102E+00  0.346339E+06  0.344573E+06 -0.409919E-01  0.594955E-01  0.000000E+00  0.346044E+06
  0.408024E+00  0.336011E+06  0.334296E+06 -0.506844E-01  0.599697E-01  0.000000E+00  0.335725E+06
  0.416104E+00  0.326228E+06  0.324572E+06 -0.399828E-01  0.562733E-01  0.000000E+00  0.325951E+06
  0.465004E+00  0.275016E+06  0.273623E+06 -0.238499E-01  0.405484E-01  0.000000E+00  0.274783E+06
  0.519651E+00  0.231432E+06  0.230265E+06 -0.185150E-01  0.254284E-01  0.000000E+00  0.231237E+06
  0.580719E+00  0.194332E+06  0.193353E+06 -0.115062E-01  0.188061E-01  0.000000E+00  0.194168E+06
  0.648965E+00  0.162900E+06  0.162080E+06 -0.805532E-02  0.107427E-01  0.000000E+00  0.162763E+06
  0.725231E+00  0.136346E+06  0.135659E+06 -0.545422E-02  0.756006E-02  0.000000E+00  0.136231E+06
  0.810459E+00  0.113952E+06  0.113378E+06 -0.361939E-02  0.490791E-02  0.000000E+00  0.113856E+06
  0.905704E+00  0.951008E+05  0.946222E+05 -0.242894E-02  0.296210E-02  0.000000E+00  0.950209E+05
  0.101214E+01  0.792642E+05  0.788653E+05 -0.162158E-02  0.194513E-02  0.000000E+00  0.791975E+05
  0.113109E+01  0.659802E+05  0.656482E+05 -0.108042E-02  0.158971E-02  0.000000E+00  0.659247E+05
  0.126401E+01  0.548570E+05  0.545811E+05 -0.719359E-03  0.815833E-03  0.000000E+00  0.548109E+05
  0.141256E+01  0.455570E+05  0.453278E+05 -0.478356E-03  0.579235E-03  0.000000E+00  0.455187E+05
  0.157856E+01  0.377924E+05  0.376023E+05 -0.317754E-03  0.432814E-03  0.000000E+00  0.377606E+05
  0.176407E+01  0.313188E+05  0.311613E+05 -0.210855E-03  0.219290E-03  0.000000E+00  0.312925E+05
  0.197138E+01  0.259287E+05  0.257983E+05 -0.139781E-03  0.209382E-03  0.000000E+00  0.259069E+05
  0.220306E+01  0.214461E+05  0.213382E+05 -0.925770E-04  0.109686E-03  0.000000E+00  0.214281E+05
