 590   2.2486607e+03   1.1299263e+02
 690   1.7397466e+03   7.8285573e+01
 790   2.3742806e+03   9.5335301e+01
 890   1.9287115e+03   7.4082281e+01
 990   1.1318644e+03   4.1853831e+01
1090   1.1836990e+03   4.2170637e+01
1190   1.0344537e+03   3.4963758e+01
1290   7.2711014e+02   2.4964807e+01
1390   8.1259669e+02   2.6430177e+01
1490   6.6571341e+02   2.1264976e+01
1590   4.7289583e+02   1.5831801e+01
1690   3.9260302e+02   1.2815909e+01
1790   3.6774605e+02   1.1797058e+01
1890   2.6011593e+02   8.9119942e+00
1990   2.3037949e+02   8.3690561e+00
2090   2.2335551e+02   7.7563016e+00
2240   1.4670215e+02   4.1110886e+00
2440   1.0684379e+02   3.3353995e+00
2640   7.3674416e+01   2.8670591e+00
2840   6.2676448e+01   2.7523399e+00
3140   4.3401873e+01   1.7864489e+00
3540   3.5380520e+01   1.9242518e+00
3940   3.5773787e+01   2.3018095e+00
4340   3.4082437e+01   2.6851872e+00
4740   3.6867543e+01   3.2668588e+00
5390   4.9673085e+01   3.1069897e+00
6290   5.8265981e+01   5.0007646e+00
7190   7.9457750e+01   8.3972305e+00
8090   1.2823919e+02   1.4104887e+01
8990   1.2981755e+02   2.4711504e+01
