4.700000000000000000e+01 3.000000000000000000e+01 5.900000000000000000e+01 1.040000021457672119e-01 1.700000092387199402e-02
7.600000000000000000e+01 6.000000000000000000e+01 8.900000000000000000e+01 4.309999942779541016e-01 2.700000070035457611e-02
1.050000000000000000e+02 9.000000000000000000e+01 1.190000000000000000e+02 8.679999709129333496e-01 3.999999910593032837e-02
1.350000000000000000e+02 1.200000000000000000e+02 1.490000000000000000e+02 1.093999981880187988e+00 4.899999871850013733e-02
1.650000000000000000e+02 1.500000000000000000e+02 1.790000000000000000e+02 1.006999969482421875e+00 5.299999937415122986e-02
1.950000000000000000e+02 1.800000000000000000e+02 2.090000000000000000e+02 8.090000152587890625e-01 5.799999833106994629e-02
2.250000000000000000e+02 2.100000000000000000e+02 2.390000000000000000e+02 1.179000020027160645e+00 7.299999892711639404e-02
2.550000000000000000e+02 2.400000000000000000e+02 2.690000000000000000e+02 2.941999912261962891e+00 1.070000007748603821e-01
2.850000000000000000e+02 2.700000000000000000e+02 2.990000000000000000e+02 6.652999877929687500e+00 1.640000045299530029e-01
3.140000000000000000e+02 3.000000000000000000e+02 3.290000000000000000e+02 1.194200038909912109e+01 2.370000034570693970e-01
3.440000000000000000e+02 3.300000000000000000e+02 3.590000000000000000e+02 1.707299995422363281e+01 3.089999854564666748e-01
3.740000000000000000e+02 3.600000000000000000e+02 3.890000000000000000e+02 2.037899971008300781e+01 3.589999973773956299e-01
4.040000000000000000e+02 3.900000000000000000e+02 4.190000000000000000e+02 2.117600059509277344e+01 3.750000000000000000e-01
4.340000000000000000e+02 4.200000000000000000e+02 4.490000000000000000e+02 1.897699928283691406e+01 3.580000102519989014e-01
4.640000000000000000e+02 4.500000000000000000e+02 4.790000000000000000e+02 1.421000003814697266e+01 3.260000050067901611e-01
4.940000000000000000e+02 4.800000000000000000e+02 5.090000000000000000e+02 9.897000312805175781e+00 2.969999909400939941e-01
5.240000000000000000e+02 5.100000000000000000e+02 5.390000000000000000e+02 6.821000099182128906e+00 2.540000081062316895e-01
5.540000000000000000e+02 5.400000000000000000e+02 5.690000000000000000e+02 9.166999816894531250e+00 2.939999997615814209e-01
5.840000000000000000e+02 5.700000000000000000e+02 5.990000000000000000e+02 1.510400009155273438e+01 3.729999959468841553e-01
6.140000000000000000e+02 6.000000000000000000e+02 6.290000000000000000e+02 2.417399978637695312e+01 4.729999899864196777e-01
6.440000000000000000e+02 6.300000000000000000e+02 6.590000000000000000e+02 3.166300010681152344e+01 5.690000057220458984e-01
6.740000000000000000e+02 6.600000000000000000e+02 6.890000000000000000e+02 3.659000015258789062e+01 6.349999904632568359e-01
7.040000000000000000e+02 6.900000000000000000e+02 7.190000000000000000e+02 3.766500091552734375e+01 6.579999923706054688e-01
7.340000000000000000e+02 7.200000000000000000e+02 7.490000000000000000e+02 3.090099906921386719e+01 6.470000147819519043e-01
7.640000000000000000e+02 7.500000000000000000e+02 7.790000000000000000e+02 2.449799919128417969e+01 6.230000257492065430e-01
7.940000000000000000e+02 7.800000000000000000e+02 8.090000000000000000e+02 1.759399986267089844e+01 6.129999756813049316e-01
8.240000000000000000e+02 8.100000000000000000e+02 8.390000000000000000e+02 1.293299961090087891e+01 6.359999775886535645e-01
8.540000000000000000e+02 8.400000000000000000e+02 8.690000000000000000e+02 1.401299953460693359e+01 6.980000138282775879e-01
8.840000000000000000e+02 8.700000000000000000e+02 8.990000000000000000e+02 2.127599906921386719e+01 7.950000166893005371e-01
9.140000000000000000e+02 9.000000000000000000e+02 9.290000000000000000e+02 2.744499969482421875e+01 9.160000085830688477e-01
9.440000000000000000e+02 9.300000000000000000e+02 9.590000000000000000e+02 3.779700088500976562e+01 1.041000008583068848e+00
9.740000000000000000e+02 9.600000000000000000e+02 9.890000000000000000e+02 4.016199874877929688e+01 1.149000048637390137e+00
1.004000000000000000e+03 9.900000000000000000e+02 1.019000000000000000e+03 4.099700164794921875e+01 1.384999990463256836e+00
1.034000000000000000e+03 1.020000000000000000e+03 1.049000000000000000e+03 3.779199981689453125e+01 1.521000027656555176e+00
1.064000000000000000e+03 1.050000000000000000e+03 1.079000000000000000e+03 3.113899993896484375e+01 1.578999996185302734e+00
1.094000000000000000e+03 1.080000000000000000e+03 1.109000000000000000e+03 2.077199935913085938e+01 1.646999955177307129e+00
1.124000000000000000e+03 1.110000000000000000e+03 1.139000000000000000e+03 1.555000019073486328e+01 1.740000009536743164e+00
1.154000000000000000e+03 1.140000000000000000e+03 1.169000000000000000e+03 1.358100032806396484e+01 1.868000030517578125e+00
1.184000000000000000e+03 1.170000000000000000e+03 1.199000000000000000e+03 1.491300010681152344e+01 2.029000043869018555e+00
1.214000000000000000e+03 1.200000000000000000e+03 1.229000000000000000e+03 2.150900077819824219e+01 2.217000007629394531e+00
1.244000000000000000e+03 1.230000000000000000e+03 1.259000000000000000e+03 2.772900009155273438e+01 2.423000097274780273e+00
1.274000000000000000e+03 1.260000000000000000e+03 1.289000000000000000e+03 3.097699928283691406e+01 2.634999990463256836e+00
1.304000000000000000e+03 1.290000000000000000e+03 1.319000000000000000e+03 3.113899993896484375e+01 2.846999883651733398e+00
1.334000000000000000e+03 1.320000000000000000e+03 1.349000000000000000e+03 2.919300079345703125e+01 3.061000108718872070e+00
1.364000000000000000e+03 1.350000000000000000e+03 1.379000000000000000e+03 2.171500015258789062e+01 3.282000064849853516e+00
1.394000000000000000e+03 1.380000000000000000e+03 1.409000000000000000e+03 1.901499938964843750e+01 3.519999980926513672e+00
1.424000000000000000e+03 1.410000000000000000e+03 1.439000000000000000e+03 1.419400024414062500e+01 3.788000106811523438e+00
1.454000000000000000e+03 1.440000000000000000e+03 1.469000000000000000e+03 1.098700046539306641e+01 4.092000007629394531e+00
1.484000000000000000e+03 1.470000000000000000e+03 1.499000000000000000e+03 1.308399963378906250e+01 4.434999942779541016e+00
1.514000000000000000e+03 1.500000000000000000e+03 1.529000000000000000e+03 1.476799964904785156e+01 4.818999767303466797e+00
1.544000000000000000e+03 1.530000000000000000e+03 1.559000000000000000e+03 2.220499992370605469e+01 5.238999843597412109e+00
1.574000000000000000e+03 1.560000000000000000e+03 1.589000000000000000e+03 9.439999580383300781e+00 5.692999839782714844e+00
1.604000000000000000e+03 1.590000000000000000e+03 1.619000000000000000e+03 2.702899932861328125e+01 6.179999828338623047e+00
1.634000000000000000e+03 1.620000000000000000e+03 1.649000000000000000e+03 2.138800048828125000e+01 6.699999809265136719e+00
1.664000000000000000e+03 1.650000000000000000e+03 1.679000000000000000e+03 2.395199966430664062e+01 7.260000228881835938e+00
1.694000000000000000e+03 1.680000000000000000e+03 1.709000000000000000e+03 1.280300045013427734e+01 7.867000102996826172e+00
1.724000000000000000e+03 1.710000000000000000e+03 1.739000000000000000e+03 1.448799991607666016e+01 8.531000137329101562e+00
1.754000000000000000e+03 1.740000000000000000e+03 1.769000000000000000e+03 2.843300056457519531e+01 9.260999679565429688e+00
1.784000000000000000e+03 1.770000000000000000e+03 1.799000000000000000e+03 -1.794999957084655762e+00 1.006400012969970703e+01
1.814000000000000000e+03 1.800000000000000000e+03 1.829000000000000000e+03 2.157600021362304688e+01 1.094600009918212891e+01
1.844000000000000000e+03 1.830000000000000000e+03 1.859000000000000000e+03 3.420000076293945312e-01 1.191199970245361328e+01
1.874000000000000000e+03 1.860000000000000000e+03 1.889000000000000000e+03 1.918300056457519531e+01 1.296700000762939453e+01
1.904000000000000000e+03 1.890000000000000000e+03 1.919000000000000000e+03 9.607000350952148438e+00 1.411699962615966797e+01
1.934000000000000000e+03 1.920000000000000000e+03 1.949000000000000000e+03 1.498299980163574219e+01 1.536800003051757812e+01
1.964000000000000000e+03 1.950000000000000000e+03 1.979000000000000000e+03 4.392000198364257812e+00 1.672999954223632812e+01
1.988000000000000000e+03 1.980000000000000000e+03 1.996000000000000000e+03 1.350599956512451172e+01 2.414100074768066406e+01
