 202.05   1.1757221e+00   1.3063578e-01
 232.82   1.7962759e+00   1.6339626e-01
 263.89   3.9301742e+00   2.1768118e-01
 294.96   8.6118087e+00   2.9389667e-01
 326.02   1.3385904e+01   3.7566249e-01
 357.09   1.8513730e+01   4.5187797e-01
 387.86   2.1170307e+01   5.0629827e-01
 418.93   1.8780552e+01   5.3350842e-01
 449.98   1.6221986e+01   5.4433833e-01
 481.05   1.1094159e+01   5.5530361e-01
 511.82   7.7516431e+00   5.8792871e-01
 542.88   8.5246279e+00   6.5317892e-01
 573.95   1.2438557e+01   7.4577464e-01
 605.02   2.0620418e+01   8.6016556e-01
 636.09   2.8856835e+01   9.7442111e-01
 666.86   3.5242150e+01   1.0778467e+00
 697.92   3.5612262e+01   1.1650275e+00
 728.98   3.1153859e+01   1.2248628e+00
 760.04   2.5285673e+01   1.2792831e+00
 790.82   1.7272623e+01   1.3445333e+00
 821.88   1.4131678e+01   1.4371290e+00
 852.95   1.4202479e+01   1.5623498e+00
 884.01   1.8377680e+01   1.7093658e+00
 915.09   2.8078300e+01   1.8834566e+00
 945.85   3.5481762e+01   2.0576828e+00
 976.92   4.1562214e+01   2.2374593e+00
1007.98   4.1834451e+01   2.4005848e+00
1053.99   3.0397255e+01   1.8834566e+00
1114.95   1.2629299e+01   2.1556935e+00
1175.91   1.6145771e+01   2.5041458e+00
1236.86   1.9466492e+01   2.9286783e+00
1297.82   2.9074517e+01   3.4241466e+00
1359.07   2.3206195e+01   3.9793149e+00
1420.03   1.4158888e+01   4.6326292e+00
1480.99   9.5372244e+00   5.4218588e+00
1541.94   1.2493113e+01   6.3636548e+00
1602.90   1.7893312e+01   7.4741267e+00
1663.86   1.2378857e+01   8.7860348e+00
1724.82   1.4224139e+01   1.0359215e+01
1786.07   4.1925287e-01   1.0359215e+01
1847.03   1.1388056e+01   1.4491096e+01
1847.03   1.1388056e+01   1.4491096e+01
1907.98   1.2237121e+01   1.7212923e+01
1968.94   2.4833930e+01   2.0490053e+01
