  204   7415.19   1844.60    1.57      0.75    0.23      0.31
  285   3751.61   1220.78    9.20      2.27    0.12      0.38
  366   1573.20    532.71   15.61      4.49    1.28      0.46
  447   2165.95    384.85   19.61      3.63    0.89      0.54
  528   2685.46    450.50    3.43      2.20   -0.19      0.70
  609   2400.37    338.80   21.55      4.29    0.78      0.83
  690   1532.24    271.67   34.67      6.06    1.54      1.09
  771   2287.60    318.45   26.20      4.56   -1.94      1.21
  852   2449.47    295.64   13.02      3.45    1.50      1.57
  933   1309.07    194.42   28.43      5.56    1.10      1.81
 1014   1059.00    132.22   35.23      6.37   -3.95      2.06
 1095   1113.93    138.89   22.38      4.80    0.34      2.44
 1176    931.31    125.53   15.99      4.47   -1.62      2.77
 1257    835.43     91.25   23.35      6.20    3.72      3.31
 1338    627.96     86.81   20.43      6.65   -6.43      4.10
 1419    801.19     86.73    6.50      6.31    5.04      4.23
 1500    560.66     76.54   21.72      6.43   -4.60      5.36
 1581    414.21     49.72   18.14      7.85    7.06      5.89
 1662    310.86     42.56   18.41      8.38  -13.93      7.15
 1743    382.21     42.44   -7.90      8.58   15.67      7.61
 1824    292.92     37.04    0.79     10.56  -16.64      8.69
 1905    250.06     31.05    0.33     12.00   -5.66     10.61
 1986    210.28     29.15   33.49     13.14   -5.41     11.13
