2001   2200   2106   212.4     6.3   205.8     5.6   200.3     9.6   207.1     6.3   216.0    11.2   271.6    23.4 
2201   2500   2357   128.3     4.0   120.8     3.4   118.3     5.8   121.3     3.8   134.9     7.2   190.3    16.7 
2501   2800   2657    80.9     2.9    74.7     2.3    75.9     4.0    77.6     2.6    95.2     5.2   161.0    14.5 
2801   3100   2958    52.8     2.4    46.9     1.6    50.1     3.1    50.4     1.8    70.4     4.1   151.5    14.3 
3101   3500   3308    40.5     2.2    32.3     1.2    33.8     2.5    36.2     1.4    60.1     3.6   151.0    14.4 
3501   3900   3709    32.0     2.5    24.0     1.0    27.2     2.7    30.8     1.2    61.7     3.8   174.9    17.1 
3901   4400   4159    33.5     3.0    22.8     1.1    26.0     3.0    31.2     1.3    68.6     4.3   198.8    19.5 
4401   4900   4660    33.0     4.2    22.3     1.3    32.5     3.9    33.7     1.4    79.2     5.0   239.9    23.3 
4901   5500   5210    35.5     5.8    26.3     1.5    34.5     4.6    40.5     1.7    96.8     5.9   274.9    26.2 
5501   6200   5861    50.7     8.8    29.1     2.0    49.6     6.4    47.2     1.9   113.5     6.8   339.1    32.0 
6201   7000   6612    30.2    15.8    34.6     2.9    54.5     9.2    58.3     2.3   151.2     8.9   419.8    39.6 
7001   7800   7412    52.0    29.1    39.9     4.8    66.2    14.8    72.3     3.2   176.6    10.7   488.0    47.2 
7801   8800   8313   109.7    52.6    43.3     7.9    80.8    23.3    93.9     4.5   224.4    14.1   638.1    63.2 
8801   9800   9313     0.0     0.0    92.5    16.0   124.8    44.6    97.6     6.2   280.0    19.2   710.5    76.5 
9801  11000  10413     0.0     0.0    85.8    31.8   123.9    83.0   123.2     9.4   352.4    26.0  1010.4   111.1 
